		Team : tanmaydatta

0	|	1	2	3	4
________|__________________________________

1	|	1	15	14	4
1	|	12	6	7	9
1	|	8	10	11	5
1	|	13	3	2	16



		Team : bhatiabhallad11

0	|	1	2	3	4
________|__________________________________

1	|	7	12	1	14
1	|	2	13	8	11
1	|	16	3	10	5
1	|	9	6	15	4



		Team : codegeek

0	|	1	2	3	4
________|__________________________________

1	|	1	10	12	11
1	|	2	13	4	5
1	|	15	3	7	9
1	|	16	8	14	6



		Team : r1s3k2@gmail.com

0	|	1	2	3	4
________|__________________________________

1	|	2	14	13	5
1	|	8	9	11	6
1	|	15	3	4	12
1	|	10	7	1	16



		Team : best friends

0	|	1	2	3	4
________|__________________________________

1	|	7	12	1	14
1	|	10	6	5	13
1	|	11	4	15	3
1	|	9	8	16	2



		Team : harshal_jeevan

0	|	1	2	3	4
________|__________________________________

1	|	10	7	4	13
1	|	14	1	16	3
1	|	8	11	9	6
1	|	2	15	5	12



		Team : Harshab

0	|	1	2	3	4
________|__________________________________

1	|	1	15	14	4
1	|	12	6	7	9
1	|	8	10	11	5
1	|	13	3	2	16



		Team : desi_boyz

0	|	1	2	3	4
________|__________________________________

1	|	1	12	5	16
1	|	15	7	10	2
1	|	14	6	11	3
1	|	4	9	8	13



